1,2,3,3,4

 0:  1,2,3,3,4
 1:  0,1,2,2,3
 2:  6,0,1,1,2,8
 3:  5,6,0,0,1,7,8
 4:  4,5,6,6,0,6,7,8,8
 5:  3,4,5,5,6,5,6,7,7,8
 6:  2,3,4,4,5,4,5,6,6,7
 7:  1,2,3,3,4,3,4,5,5,6
 8:  0,1,2,2,3,2,3,4,4,5
 9:  6,0,1,1,2,1,2,3,3,4,8
10:  5,6,0,0,1,0,1,2,2,3,7,8
11:  4,5,6,6,0,6,0,1,1,2,6,7,8,8,8
12:  3,4,5,5,6,5,6,0,0,1,5,6,7,7,7,8,8
13:  2,3,4,4,5,4,5,6,6,0,4,5,6,6,6,7,7,8,8
14:  1,2,3,3,4,3,4,5,5,6,3,4,5,5,5,6,6,7,7,8
15:  0,1,2,2,3,2,3,4,4,5,2,3,4,4,4,5,5,6,6,7
16:  6,0,1,1,2,1,2,3,3,4,1,2,3,3,3,4,4,5,5,6,8
17:  5,6,0,0,1,0,1,2,2,3,0,1,2,2,2,3,3,4,4,5,7,8
18:  4,5,6,6,0,6,0,1,1,2,6,0,1,1,1,2,2,3,3,4,6,7,8,8,8,8
19:  3,4,5,5,6,5,6,0,0,1,5,6,0,0,0,1,1,2,2,3,5,6,7,7,7,7,8,8,8
